@1000
4 0 0 0
@1004
3 0 0 0
@1008
0 0 0 0
@100c
2 0 0 0
@1010
4 0 0 0
@1014
0 0 0 0
@1018
1 0 0 0
@101c
0 0 0 0
@1020
3 0 0 0
@1024
2 0 0 0
@1028
2 0 0 0
@102c
1 0 0 0
@1030
2 0 0 0
@1034
0 0 0 0
@1038
3 0 0 0
@103c
4 0 0 0
@1040
4 0 0 0
@1044
4 0 0 0
@1048
0 0 0 0
@104c
2 0 0 0
@1050
1 0 0 0
@1054
1 0 0 0
@1058
2 0 0 0
@105c
0 0 0 0
@1060
1 0 0 0
@1064
2 0 0 0
@1068
0 0 0 0
@106c
4 0 0 0
@1070
1 0 0 0
@1074
2 0 0 0
@1078
2 0 0 0
@107c
1 0 0 0
@1080
1 0 0 0
@1084
3 0 0 0
@1088
0 0 0 0
@108c
0 0 0 0
@1090
2 0 0 0
@1094
3 0 0 0
@1098
3 0 0 0
@109c
1 0 0 0
@10a0
4 0 0 0
@10a4
0 0 0 0
@10a8
0 0 0 0
@10ac
2 0 0 0
@10b0
0 0 0 0
@10b4
1 0 0 0
@10b8
4 0 0 0
@10bc
0 0 0 0
@10c0
4 0 0 0
@10c4
2 0 0 0
@10c8
3 0 0 0
@10cc
2 0 0 0
@10d0
2 0 0 0
@10d4
0 0 0 0
@10d8
1 0 0 0
@10dc
3 0 0 0
@10e0
4 0 0 0
@10e4
0 0 0 0
@10e8
3 0 0 0
@10ec
4 0 0 0
@10f0
4 0 0 0
@10f4
4 0 0 0
@10f8
4 0 0 0
@10fc
0 0 0 0
@1100
4 0 0 0
@1104
2 0 0 0
@1108
2 0 0 0
@110c
3 0 0 0
@1110
1 0 0 0
@1114
0 0 0 0
@1118
3 0 0 0
@111c
3 0 0 0
@1120
3 0 0 0
@1124
0 0 0 0
@1128
0 0 0 0
@112c
4 0 0 0
@1130
1 0 0 0
@1134
4 0 0 0
@1138
0 0 0 0
@113c
2 0 0 0
@1140
2 0 0 0
@1144
2 0 0 0
@1148
0 0 0 0
@114c
4 0 0 0
@1150
1 0 0 0
@1154
2 0 0 0
@1158
1 0 0 0
@115c
0 0 0 0
@1160
0 0 0 0
@1164
3 0 0 0
@1168
3 0 0 0
@116c
0 0 0 0
@1170
4 0 0 0
@1174
0 0 0 0
@1178
0 0 0 0
@117c
4 0 0 0
@1180
1 0 0 0
@1184
3 0 0 0
@1188
1 0 0 0
@118c
2 0 0 0
@1190
3 0 0 0
@1194
1 0 0 0
@1198
0 0 0 0
@119c
1 0 0 0
@11a0
0 0 0 0
@11a4
0 0 0 0
@11a8
3 0 0 0
@11ac
0 0 0 0
@11b0
1 0 0 0
@11b4
1 0 0 0
@11b8
1 0 0 0
@11bc
2 0 0 0
@11c0
1 0 0 0
@11c4
2 0 0 0
@11c8
0 0 0 0
@11cc
0 0 0 0
@11d0
2 0 0 0
@11d4
2 0 0 0
@11d8
4 0 0 0
@11dc
0 0 0 0
@11e0
2 0 0 0
@11e4
3 0 0 0
@11e8
3 0 0 0
@11ec
4 0 0 0
@11f0
2 0 0 0
@11f4
3 0 0 0
@11f8
4 0 0 0
@11fc
2 0 0 0
@1200
2 0 0 0
@1204
0 0 0 0
@1208
2 0 0 0
@120c
1 0 0 0
@1210
1 0 0 0
@1214
3 0 0 0
@1218
3 0 0 0
@121c
0 0 0 0
@1220
0 0 0 0
@1224
1 0 0 0
@1228
4 0 0 0
@122c
4 0 0 0
@1230
1 0 0 0
@1234
2 0 0 0
@1238
3 0 0 0
@123c
2 0 0 0
@1240
3 0 0 0
@1244
1 0 0 0
@1248
4 0 0 0
@124c
2 0 0 0
@1250
2 0 0 0
@1254
2 0 0 0
@1258
4 0 0 0
@125c
2 0 0 0
@1260
0 0 0 0
@1264
2 0 0 0
@1268
3 0 0 0
@126c
2 0 0 0
@1270
4 0 0 0
@1274
4 0 0 0
@1278
3 0 0 0
@127c
4 0 0 0
@1280
1 0 0 0
@1284
0 0 0 0
@1288
1 0 0 0
@128c
3 0 0 0
@1290
0 0 0 0
@1294
2 0 0 0
@1298
3 0 0 0
@129c
2 0 0 0
@12a0
0 0 0 0
@12a4
4 0 0 0
@12a8
4 0 0 0
@12ac
3 0 0 0
@12b0
3 0 0 0
@12b4
4 0 0 0
@12b8
4 0 0 0
@12bc
4 0 0 0
@12c0
4 0 0 0
@12c4
3 0 0 0
@12c8
1 0 0 0
@12cc
2 0 0 0
@12d0
1 0 0 0
@12d4
2 0 0 0
@12d8
0 0 0 0
@12dc
0 0 0 0
@12e0
3 0 0 0
@12e4
2 0 0 0
@12e8
3 0 0 0
@12ec
4 0 0 0
@12f0
0 0 0 0
@12f4
2 0 0 0
@12f8
1 0 0 0
@12fc
0 0 0 0
@1300
3 0 0 0
@1304
2 0 0 0
@1308
2 0 0 0
@130c
4 0 0 0
@1310
3 0 0 0
@1314
2 0 0 0
@1318
1 0 0 0
@131c
1 0 0 0
@1320
1 0 0 0
@1324
1 0 0 0
@1328
0 0 0 0
@132c
1 0 0 0
@1330
4 0 0 0
@1334
0 0 0 0
@1338
4 0 0 0
@133c
3 0 0 0
@1340
2 0 0 0
@1344
4 0 0 0
@1348
4 0 0 0
@134c
1 0 0 0
@1350
0 0 0 0
@1354
1 0 0 0
@1358
0 0 0 0
@135c
0 0 0 0
@1360
2 0 0 0
@1364
1 0 0 0
@1368
3 0 0 0
@136c
1 0 0 0
@1370
0 0 0 0
@1374
2 0 0 0
@1378
4 0 0 0
@137c
2 0 0 0
@1380
2 0 0 0
@1384
0 0 0 0
@1388
4 0 0 0
@138c
3 0 0 0
@1390
1 0 0 0
@1394
4 0 0 0
@1398
4 0 0 0
@139c
3 0 0 0
@13a0
4 0 0 0
@13a4
0 0 0 0
@13a8
0 0 0 0
@13ac
0 0 0 0
@13b0
2 0 0 0
@13b4
2 0 0 0
@13b8
2 0 0 0
@13bc
4 0 0 0
@13c0
2 0 0 0
@13c4
1 0 0 0
@13c8
1 0 0 0
@13cc
3 0 0 0
@13d0
1 0 0 0
@13d4
4 0 0 0
@13d8
2 0 0 0
@13dc
2 0 0 0
@13e0
0 0 0 0
@13e4
1 0 0 0
@13e8
1 0 0 0
@13ec
4 0 0 0
@13f0
2 0 0 0
@13f4
4 0 0 0
@13f8
4 0 0 0
@13fc
3 0 0 0
@1400
0 0 0 0
@1404
1 0 0 0
@1408
0 0 0 0
@140c
3 0 0 0
@1410
2 0 0 0
@1414
0 0 0 0
@1418
3 0 0 0
@141c
2 0 0 0
@1420
4 0 0 0
@1424
0 0 0 0
@1428
2 0 0 0
@142c
0 0 0 0
@1430
2 0 0 0
@1434
2 0 0 0
@1438
3 0 0 0
@143c
4 0 0 0
@1440
2 0 0 0
@1444
0 0 0 0
@1448
4 0 0 0
@144c
3 0 0 0
@1450
2 0 0 0
@1454
2 0 0 0
@1458
3 0 0 0
@145c
4 0 0 0
@1460
0 0 0 0
@1464
3 0 0 0
@1468
4 0 0 0
@146c
2 0 0 0
@1470
3 0 0 0
@1474
4 0 0 0
@1478
1 0 0 0
@147c
2 0 0 0
@1480
4 0 0 0
@1484
2 0 0 0
@1488
4 0 0 0
@148c
2 0 0 0
@1490
0 0 0 0
@1494
2 0 0 0
@1498
0 0 0 0
@149c
2 0 0 0
@14a0
2 0 0 0
@14a4
3 0 0 0
@14a8
2 0 0 0
@14ac
3 0 0 0
@14b0
1 0 0 0
@14b4
2 0 0 0
@14b8
4 0 0 0
@14bc
0 0 0 0
@14c0
1 0 0 0
@14c4
4 0 0 0
@14c8
4 0 0 0
@14cc
4 0 0 0
@14d0
4 0 0 0
@14d4
0 0 0 0
@14d8
2 0 0 0
@14dc
2 0 0 0
@14e0
2 0 0 0
@14e4
0 0 0 0
@14e8
1 0 0 0
@14ec
0 0 0 0
@14f0
3 0 0 0
@14f4
0 0 0 0
@14f8
2 0 0 0
@14fc
4 0 0 0
@1500
2 0 0 0
@1504
0 0 0 0
@1508
1 0 0 0
@150c
3 0 0 0
@1510
0 0 0 0
@1514
2 0 0 0
@1518
1 0 0 0
@151c
0 0 0 0
@1520
0 0 0 0
@1524
0 0 0 0
@1528
0 0 0 0
@152c
2 0 0 0
@1530
0 0 0 0
@1534
3 0 0 0
@1538
4 0 0 0
@153c
1 0 0 0
@1540
3 0 0 0
@1544
4 0 0 0
@1548
1 0 0 0
@154c
0 0 0 0
@1550
0 0 0 0
@1554
2 0 0 0
@1558
4 0 0 0
@155c
1 0 0 0
@1560
0 0 0 0
@1564
2 0 0 0
@1568
0 0 0 0
@156c
2 0 0 0
@1570
1 0 0 0
@1574
3 0 0 0
@1578
3 0 0 0
@157c
0 0 0 0
@1580
1 0 0 0
@1584
0 0 0 0
@1588
2 0 0 0
@158c
3 0 0 0
@1590
0 0 0 0
@1594
3 0 0 0
@1598
0 0 0 0
@159c
3 0 0 0
@15a0
3 0 0 0
@15a4
0 0 0 0
@15a8
4 0 0 0
@15ac
2 0 0 0
@15b0
2 0 0 0
@15b4
0 0 0 0
@15b8
2 0 0 0
@15bc
0 0 0 0
@15c0
3 0 0 0
@15c4
4 0 0 0
@15c8
0 0 0 0
@15cc
0 0 0 0
@15d0
4 0 0 0
@15d4
3 0 0 0
@15d8
2 0 0 0
@15dc
2 0 0 0
@15e0
4 0 0 0
@15e4
3 0 0 0
@15e8
4 0 0 0
@15ec
0 0 0 0
@15f0
3 0 0 0
@15f4
3 0 0 0
@15f8
4 0 0 0
@15fc
4 0 0 0
@1600
2 0 0 0
@1604
1 0 0 0
@1608
1 0 0 0
@160c
1 0 0 0
@1610
1 0 0 0
@1614
1 0 0 0
@1618
4 0 0 0
@161c
1 0 0 0
@1620
1 0 0 0
@1624
2 0 0 0
@1628
1 0 0 0
@162c
2 0 0 0
@1630
3 0 0 0
@1634
3 0 0 0
@1638
1 0 0 0
@163c
4 0 0 0
@1640
0 0 0 0
@1644
4 0 0 0
@1648
4 0 0 0
@164c
1 0 0 0
@1650
4 0 0 0
@1654
0 0 0 0
@1658
3 0 0 0
@165c
1 0 0 0
@1660
4 0 0 0
@1664
2 0 0 0
@1668
3 0 0 0
@166c
2 0 0 0
@1670
3 0 0 0
@1674
2 0 0 0
@1678
0 0 0 0
@167c
1 0 0 0
@1680
3 0 0 0
@1684
4 0 0 0
@1688
2 0 0 0
@168c
2 0 0 0
@1690
4 0 0 0
@1694
3 0 0 0
@1698
2 0 0 0
@169c
3 0 0 0
@16a0
1 0 0 0
@16a4
4 0 0 0
@16a8
4 0 0 0
@16ac
1 0 0 0
@16b0
4 0 0 0
@16b4
1 0 0 0
@16b8
0 0 0 0
@16bc
3 0 0 0
@16c0
0 0 0 0
@16c4
0 0 0 0
@16c8
2 0 0 0
@16cc
2 0 0 0
@16d0
2 0 0 0
@16d4
2 0 0 0
@16d8
4 0 0 0
@16dc
0 0 0 0
@16e0
2 0 0 0
@16e4
1 0 0 0
@16e8
4 0 0 0
@16ec
0 0 0 0
@16f0
1 0 0 0
@16f4
4 0 0 0
@16f8
4 0 0 0
@16fc
1 0 0 0
@1700
3 0 0 0
@1704
2 0 0 0
@1708
1 0 0 0
@170c
0 0 0 0
@1710
4 0 0 0
@1714
2 0 0 0
@1718
0 0 0 0
@171c
1 0 0 0
@1720
1 0 0 0
@1724
1 0 0 0
@1728
1 0 0 0
@172c
1 0 0 0
@1730
0 0 0 0
@1734
4 0 0 0
@1738
4 0 0 0
@173c
3 0 0 0
@1740
1 0 0 0
@1744
4 0 0 0
@1748
3 0 0 0
@174c
0 0 0 0
@1750
0 0 0 0
@1754
4 0 0 0
@1758
3 0 0 0
@175c
3 0 0 0
@1760
2 0 0 0
@1764
2 0 0 0
@1768
2 0 0 0
@176c
4 0 0 0
@1770
2 0 0 0
@1774
3 0 0 0
@1778
3 0 0 0
@177c
1 0 0 0
@1780
3 0 0 0
@1784
0 0 0 0
@1788
4 0 0 0
@178c
0 0 0 0
@1790
2 0 0 0
@1794
3 0 0 0
@1798
2 0 0 0
@179c
0 0 0 0
@17a0
3 0 0 0
@17a4
0 0 0 0
@17a8
2 0 0 0
@17ac
0 0 0 0
@17b0
1 0 0 0
@17b4
0 0 0 0
@17b8
0 0 0 0
@17bc
4 0 0 0
@17c0
4 0 0 0
@17c4
1 0 0 0
@17c8
1 0 0 0
@17cc
4 0 0 0
@17d0
1 0 0 0
@17d4
0 0 0 0
@17d8
3 0 0 0
@17dc
4 0 0 0
@17e0
3 0 0 0
@17e4
1 0 0 0
@17e8
4 0 0 0
@17ec
4 0 0 0
@17f0
1 0 0 0
@17f4
4 0 0 0
@17f8
0 0 0 0
@17fc
0 0 0 0
@1800
0 0 0 0
@1804
4 0 0 0
@1808
2 0 0 0
@180c
2 0 0 0
@1810
4 0 0 0
@1814
1 0 0 0
@1818
0 0 0 0
@181c
2 0 0 0
@1820
1 0 0 0
@1824
0 0 0 0
@1828
4 0 0 0
@182c
3 0 0 0
@1830
0 0 0 0
@1834
2 0 0 0
@1838
2 0 0 0
@183c
2 0 0 0
@1840
2 0 0 0
@1844
1 0 0 0
@1848
3 0 0 0
@184c
1 0 0 0
@1850
2 0 0 0
@1854
3 0 0 0
@1858
0 0 0 0
@185c
3 0 0 0
@1860
1 0 0 0
@1864
4 0 0 0
@1868
0 0 0 0
@186c
2 0 0 0
@1870
4 0 0 0
@1874
4 0 0 0
@1878
1 0 0 0
@187c
0 0 0 0
@1880
3 0 0 0
@1884
4 0 0 0
@1888
2 0 0 0
@188c
3 0 0 0
@1890
4 0 0 0
@1894
0 0 0 0
@1898
0 0 0 0
@189c
2 0 0 0
@18a0
4 0 0 0
@18a4
2 0 0 0
@18a8
0 0 0 0
@18ac
3 0 0 0
@18b0
1 0 0 0
@18b4
4 0 0 0
@18b8
2 0 0 0
@18bc
2 0 0 0
@18c0
0 0 0 0
@18c4
2 0 0 0
@18c8
0 0 0 0
@18cc
0 0 0 0
@18d0
3 0 0 0
@18d4
4 0 0 0
@18d8
4 0 0 0
@18dc
3 0 0 0
@18e0
3 0 0 0
@18e4
0 0 0 0
@18e8
3 0 0 0
@18ec
0 0 0 0
@18f0
2 0 0 0
@18f4
0 0 0 0
@18f8
4 0 0 0
@18fc
1 0 0 0
@1900
4 0 0 0
@1904
1 0 0 0
@1908
3 0 0 0
@190c
3 0 0 0
@1910
2 0 0 0
@1914
1 0 0 0
@1918
2 0 0 0
@191c
0 0 0 0
@1920
2 0 0 0
@1924
2 0 0 0
@1928
4 0 0 0
@192c
1 0 0 0
@1930
1 0 0 0
@1934
3 0 0 0
@1938
2 0 0 0
@193c
3 0 0 0
@1940
3 0 0 0
@1944
3 0 0 0
@1948
1 0 0 0
@194c
3 0 0 0
@1950
3 0 0 0
@1954
2 0 0 0
@1958
3 0 0 0
@195c
3 0 0 0
@1960
0 0 0 0
@1964
1 0 0 0
@1968
4 0 0 0
@196c
3 0 0 0
@1970
4 0 0 0
@1974
1 0 0 0
@1978
4 0 0 0
@197c
1 0 0 0
@1980
2 0 0 0
@1984
0 0 0 0
@1988
0 0 0 0
@198c
1 0 0 0
@1990
2 0 0 0
@1994
2 0 0 0
@1998
2 0 0 0
@199c
0 0 0 0
@19a0
0 0 0 0
@19a4
2 0 0 0
@19a8
3 0 0 0
@19ac
1 0 0 0
@19b0
2 0 0 0
@19b4
1 0 0 0
@19b8
2 0 0 0
@19bc
2 0 0 0
@19c0
4 0 0 0
@19c4
0 0 0 0
@19c8
3 0 0 0
@19cc
3 0 0 0
@19d0
0 0 0 0
@19d4
1 0 0 0
@19d8
0 0 0 0
@19dc
2 0 0 0
@19e0
0 0 0 0
@19e4
3 0 0 0
@19e8
2 0 0 0
@19ec
3 0 0 0
@19f0
1 0 0 0
@19f4
1 0 0 0
@19f8
4 0 0 0
@19fc
0 0 0 0
@1a00
1 0 0 0
@1a04
1 0 0 0
@1a08
0 0 0 0
@1a0c
1 0 0 0
@1a10
4 0 0 0
@1a14
1 0 0 0
@1a18
0 0 0 0
@1a1c
3 0 0 0
@1a20
3 0 0 0
@1a24
1 0 0 0
@1a28
4 0 0 0
@1a2c
2 0 0 0
@1a30
1 0 0 0
@1a34
0 0 0 0
@1a38
2 0 0 0
@1a3c
0 0 0 0
@1a40
1 0 0 0
@1a44
0 0 0 0
@1a48
1 0 0 0
@1a4c
4 0 0 0
@1a50
4 0 0 0
@1a54
1 0 0 0
@1a58
0 0 0 0
@1a5c
4 0 0 0
@1a60
2 0 0 0
@1a64
3 0 0 0
@1a68
0 0 0 0
@1a6c
3 0 0 0
@1a70
2 0 0 0
@1a74
2 0 0 0
@1a78
3 0 0 0
@1a7c
2 0 0 0
@1a80
0 0 0 0
@1a84
4 0 0 0
@1a88
3 0 0 0
@1a8c
3 0 0 0
@1a90
3 0 0 0
@1a94
2 0 0 0
@1a98
4 0 0 0
@1a9c
0 0 0 0
@1aa0
4 0 0 0
@1aa4
0 0 0 0
@1aa8
0 0 0 0
@1aac
1 0 0 0
@1ab0
3 0 0 0
@1ab4
1 0 0 0
@1ab8
3 0 0 0
@1abc
0 0 0 0
@1ac0
1 0 0 0
@1ac4
2 0 0 0
@1ac8
0 0 0 0
@1acc
1 0 0 0
@1ad0
3 0 0 0
@1ad4
1 0 0 0
@1ad8
4 0 0 0
@1adc
0 0 0 0
@1ae0
0 0 0 0
@1ae4
0 0 0 0
@1ae8
3 0 0 0
@1aec
4 0 0 0
@1af0
0 0 0 0
@1af4
2 0 0 0
@1af8
0 0 0 0
@1afc
0 0 0 0
@1b00
3 0 0 0
@1b04
0 0 0 0
@1b08
0 0 0 0
@1b0c
0 0 0 0
@1b10
2 0 0 0
@1b14
1 0 0 0
@1b18
2 0 0 0
@1b1c
3 0 0 0
@1b20
4 0 0 0
@1b24
0 0 0 0
@1b28
2 0 0 0
@1b2c
2 0 0 0
@1b30
3 0 0 0
@1b34
2 0 0 0
@1b38
4 0 0 0
@1b3c
0 0 0 0
@1b40
2 0 0 0
@1b44
4 0 0 0
@1b48
3 0 0 0
@1b4c
4 0 0 0
@1b50
1 0 0 0
@1b54
2 0 0 0
@1b58
3 0 0 0
@1b5c
1 0 0 0
@1b60
2 0 0 0
@1b64
1 0 0 0
@1b68
0 0 0 0
@1b6c
3 0 0 0
@1b70
2 0 0 0
@1b74
0 0 0 0
@1b78
4 0 0 0
@1b7c
2 0 0 0
@1b80
3 0 0 0
@1b84
2 0 0 0
@1b88
0 0 0 0
@1b8c
2 0 0 0
@1b90
3 0 0 0
@1b94
0 0 0 0
@1b98
4 0 0 0
@1b9c
1 0 0 0
@1ba0
1 0 0 0
@1ba4
1 0 0 0
@1ba8
3 0 0 0
@1bac
1 0 0 0
@1bb0
2 0 0 0
@1bb4
1 0 0 0
@1bb8
2 0 0 0
@1bbc
4 0 0 0
@1bc0
0 0 0 0
@1bc4
4 0 0 0
@1bc8
2 0 0 0
@1bcc
2 0 0 0
@1bd0
3 0 0 0
@1bd4
0 0 0 0
@1bd8
1 0 0 0
@1bdc
0 0 0 0
@1be0
3 0 0 0
@1be4
1 0 0 0
@1be8
4 0 0 0
@1bec
0 0 0 0
@1bf0
4 0 0 0
@1bf4
3 0 0 0
@1bf8
1 0 0 0
@1bfc
4 0 0 0
@1c00
1 0 0 0
@1c04
3 0 0 0
@1c08
2 0 0 0
@1c0c
2 0 0 0
@1c10
4 0 0 0
@1c14
4 0 0 0
@1c18
0 0 0 0
@1c1c
0 0 0 0
@1c20
1 0 0 0
@1c24
1 0 0 0
@1c28
3 0 0 0
@1c2c
0 0 0 0
@1c30
4 0 0 0
@1c34
1 0 0 0
@1c38
2 0 0 0
@1c3c
3 0 0 0
@1c40
2 0 0 0
@1c44
2 0 0 0
@1c48
4 0 0 0
@1c4c
1 0 0 0
@1c50
2 0 0 0
@1c54
4 0 0 0
@1c58
0 0 0 0
@1c5c
3 0 0 0
@1c60
0 0 0 0
@1c64
3 0 0 0
@1c68
3 0 0 0
@1c6c
3 0 0 0
@1c70
4 0 0 0
@1c74
0 0 0 0
@1c78
0 0 0 0
@1c7c
4 0 0 0
@1c80
0 0 0 0
@1c84
2 0 0 0
@1c88
4 0 0 0
@1c8c
4 0 0 0
@1c90
2 0 0 0
@1c94
3 0 0 0
@1c98
3 0 0 0
@1c9c
2 0 0 0
@1ca0
3 0 0 0
@1ca4
0 0 0 0
@1ca8
0 0 0 0
@1cac
4 0 0 0
@1cb0
3 0 0 0
@1cb4
1 0 0 0
@1cb8
0 0 0 0
@1cbc
3 0 0 0
@1cc0
3 0 0 0
@1cc4
2 0 0 0
@1cc8
1 0 0 0
@1ccc
4 0 0 0
@1cd0
0 0 0 0
@1cd4
2 0 0 0
@1cd8
2 0 0 0
@1cdc
2 0 0 0
@1ce0
3 0 0 0
@1ce4
0 0 0 0
@1ce8
2 0 0 0
@1cec
3 0 0 0
@1cf0
3 0 0 0
@1cf4
0 0 0 0
@1cf8
3 0 0 0
@1cfc
0 0 0 0
@1d00
1 0 0 0
@1d04
1 0 0 0
@1d08
0 0 0 0
@1d0c
3 0 0 0
@1d10
1 0 0 0
@1d14
0 0 0 0
@1d18
0 0 0 0
@1d1c
1 0 0 0
@1d20
2 0 0 0
@1d24
1 0 0 0
@1d28
2 0 0 0
@1d2c
1 0 0 0
@1d30
4 0 0 0
@1d34
4 0 0 0
@1d38
0 0 0 0
@1d3c
2 0 0 0
@1d40
1 0 0 0
@1d44
1 0 0 0
@1d48
4 0 0 0
@1d4c
3 0 0 0
@1d50
2 0 0 0
@1d54
4 0 0 0
@1d58
1 0 0 0
@1d5c
0 0 0 0
@1d60
1 0 0 0
@1d64
1 0 0 0
@1d68
3 0 0 0
@1d6c
0 0 0 0
@1d70
2 0 0 0
@1d74
2 0 0 0
@1d78
2 0 0 0
@1d7c
1 0 0 0
@1d80
3 0 0 0
@1d84
4 0 0 0
@1d88
4 0 0 0
@1d8c
0 0 0 0
@1d90
1 0 0 0
@1d94
2 0 0 0
@1d98
2 0 0 0
@1d9c
3 0 0 0
@1da0
0 0 0 0
@1da4
4 0 0 0
@1da8
3 0 0 0
@1dac
1 0 0 0
@1db0
1 0 0 0
@1db4
4 0 0 0
@1db8
4 0 0 0
@1dbc
2 0 0 0
@1dc0
2 0 0 0
@1dc4
4 0 0 0
@1dc8
3 0 0 0
@1dcc
2 0 0 0
@1dd0
3 0 0 0
@1dd4
4 0 0 0
@1dd8
0 0 0 0
@1ddc
4 0 0 0
@1de0
0 0 0 0
@1de4
1 0 0 0
@1de8
4 0 0 0
@1dec
1 0 0 0
@1df0
4 0 0 0
@1df4
0 0 0 0
@1df8
2 0 0 0
@1dfc
2 0 0 0
@1e00
3 0 0 0
@1e04
3 0 0 0
@1e08
4 0 0 0
@1e0c
0 0 0 0
@1e10
1 0 0 0
@1e14
1 0 0 0
@1e18
0 0 0 0
@1e1c
3 0 0 0
@1e20
0 0 0 0
@1e24
0 0 0 0
@1e28
4 0 0 0
@1e2c
4 0 0 0
@1e30
0 0 0 0
@1e34
2 0 0 0
@1e38
3 0 0 0
@1e3c
1 0 0 0
@1e40
3 0 0 0
@1e44
0 0 0 0
@1e48
3 0 0 0
@1e4c
0 0 0 0
@1e50
4 0 0 0
@1e54
0 0 0 0
@1e58
0 0 0 0
@1e5c
0 0 0 0
@1e60
1 0 0 0
@1e64
4 0 0 0
@1e68
3 0 0 0
@1e6c
4 0 0 0
@1e70
4 0 0 0
@1e74
0 0 0 0
@1e78
1 0 0 0
@1e7c
4 0 0 0
@1e80
0 0 0 0
@1e84
0 0 0 0
@1e88
4 0 0 0
@1e8c
0 0 0 0
@1e90
1 0 0 0
@1e94
4 0 0 0
@1e98
4 0 0 0
@1e9c
0 0 0 0
@1ea0
4 0 0 0
@1ea4
4 0 0 0
@1ea8
1 0 0 0
@1eac
1 0 0 0
@1eb0
3 0 0 0
@1eb4
2 0 0 0
@1eb8
2 0 0 0
@1ebc
2 0 0 0
@1ec0
4 0 0 0
@1ec4
2 0 0 0
@1ec8
3 0 0 0
@1ecc
4 0 0 0
@1ed0
3 0 0 0
@1ed4
3 0 0 0
@1ed8
0 0 0 0
@1edc
3 0 0 0
@1ee0
4 0 0 0
@1ee4
2 0 0 0
@1ee8
1 0 0 0
@1eec
2 0 0 0
@1ef0
3 0 0 0
@1ef4
1 0 0 0
@1ef8
1 0 0 0
@1efc
1 0 0 0
@1f00
1 0 0 0
@1f04
3 0 0 0
@1f08
1 0 0 0
@1f0c
1 0 0 0
@1f10
3 0 0 0
@1f14
2 0 0 0
@1f18
0 0 0 0
@1f1c
4 0 0 0
@1f20
0 0 0 0
@1f24
1 0 0 0
@1f28
2 0 0 0
@1f2c
3 0 0 0
@1f30
2 0 0 0
@1f34
4 0 0 0
@1f38
2 0 0 0
@1f3c
2 0 0 0
@1f40
4 0 0 0
@1f44
0 0 0 0
@1f48
3 0 0 0
@1f4c
3 0 0 0
@1f50
1 0 0 0
@1f54
2 0 0 0
@1f58
1 0 0 0
@1f5c
3 0 0 0
@1f60
4 0 0 0
@1f64
2 0 0 0
@1f68
0 0 0 0
@1f6c
2 0 0 0
@1f70
2 0 0 0
@1f74
4 0 0 0
@1f78
3 0 0 0
@1f7c
3 0 0 0
@1f80
4 0 0 0
@1f84
2 0 0 0
@1f88
4 0 0 0
@1f8c
0 0 0 0
@1f90
3 0 0 0
@1f94
2 0 0 0
@1f98
0 0 0 0
@1f9c
0 0 0 0
@1fa0
2 0 0 0
@1fa4
1 0 0 0
@1fa8
4 0 0 0
@1fac
0 0 0 0
@1fb0
4 0 0 0
@1fb4
2 0 0 0
@1fb8
0 0 0 0
@1fbc
4 0 0 0
@1fc0
0 0 0 0
@1fc4
3 0 0 0
@1fc8
2 0 0 0
@1fcc
0 0 0 0
@1fd0
0 0 0 0
@1fd4
3 0 0 0
@1fd8
2 0 0 0
@1fdc
0 0 0 0
@1fe0
3 0 0 0
@1fe4
4 0 0 0
@1fe8
2 0 0 0
@1fec
3 0 0 0
@1ff0
2 0 0 0
@1ff4
4 0 0 0
@1ff8
4 0 0 0
@1ffc
2 0 0 0
