----------img:0-------------
----------Kernal:0-------------
18 32 19 21
38 27 22 21
56 33 34 16
60 49 50 50
----------Kernal:1-------------
28 34 18 23
45 35 36 22
51 47 51 27
64 54 35 42
----------Kernal:2-------------
34 39 43 17
70 71 36 34
78 60 42 49
80 46 44 72
----------Kernal:3-------------
17 27 6 15
23 25 24 17
33 20 34 15
44 34 21 23
----------img:1-------------
----------Kernal:0-------------
22 57 56 43
38 71 65 41
45 89 62 43
44 74 63 39
----------Kernal:1-------------
15 29 31 39
12 35 42 33
30 55 39 41
21 37 49 33
----------Kernal:2-------------
20 33 45 48
28 64 44 54
50 58 64 56
21 51 69 46
----------Kernal:3-------------
15 31 36 29
30 53 35 39
19 47 52 29
25 44 43 29
----------img:2-------------
----------Kernal:0-------------
36 26 38 33
56 41 31 50
76 54 17 48
90 64 29 43
----------Kernal:1-------------
62 50 56 64
77 57 40 57
107 79 49 81
123 80 52 71
----------Kernal:2-------------
48 55 41 50
65 60 54 67
77 68 52 57
101 67 69 70
----------Kernal:3-------------
38 42 40 44
60 37 30 48
69 52 50 58
80 48 43 57
Summing outputs results:
--------------0--------------
76 115 113 97
132 139 118 112
177 176 113 107
194 187 142 132
--------------1--------------
105 113 105 126
134 127 118 112
188 181 139 149
208 171 136 146
--------------2--------------
102 127 129 115
163 195 134 155
205 186 158 162
202 164 182 188
--------------3--------------
70 100 82 88
113 115 89 104
121 119 136 102
149 126 107 109
Activation results:
--------------0--------------
76 115 113 97
132 139 118 112
177 176 113 107
194 187 142 132
--------------1--------------
105 113 105 126
134 127 118 112
188 181 139 149
208 171 136 146
--------------2--------------
102 127 129 115
163 195 134 155
205 186 158 162
202 164 182 188
--------------3--------------
70 100 82 88
113 115 89 104
121 119 136 102
149 126 107 109
Processed img
76 105 115 113 113 105 97 126
102 70 127 100 129 82 115 88
132 134 139 127 118 118 112 112
163 113 195 115 134 89 155 104
177 188 176 181 113 139 107 149
205 121 186 119 158 136 162 102
194 208 187 171 142 136 132 146
202 149 164 126 182 107 188 109